playouts:1
RULE BASE
ANNEALED
maxIter:5000
correct:5758 count:10000
correctRate:0.5758
missZeroCorrect:9483 missCount:30000
missCorrectRate:0.3161
95%confidence: 0.565916 - 0.585684
sigma:0.00494221
