playouts:1
RULE BASE
ANNEALED
maxIter:2000
correct:5281 count:10000
correctRate:0.5281
missZeroCorrect:8900 missCount:30000
missCorrectRate:0.296667
95%confidence: 0.518116 - 0.538084
sigma:0.0049921
